<?xml version="1.0" encoding="utf-8"?>
<opencv_storage>
   <center_coloum>2.31300434687671156553e+02</center_coloum>
   <center_row>2.23624387963588333150e+02</center_row>
   <para_a>1.79216503880620225964e+00</para_a>
   <para_b>7.05913944136711112715e-03</para_b>
</opencv_storage>