<?xml version="1.0" encoding="utf-8"?>
<opencv_storage>
   <center_coloum>2.29518905590688376606e+02</center_coloum>
   <center_row>2.26860711665135340809e+02</center_row>
   <para_a>1.78804924821879107633e+00</para_a>
   <para_b>7.04822040259820391250e-03</para_b>
</opencv_storage>